1744137
1744125
1744044
1743983
1743965
1743955
1743950
1743908
1743879
1743864
1743804
1743765
1744060
1744000
1743988
1743912
1743873
1743667
1743680
1743654
1743442
1586856
1743165
1743118

1197744
1744208
1744189
1744163
1744218
1744210
1744203

1197744
1744208
1744189
1744163
1744218
1744210
1744203

1744307
1744288
1744290
1744276
1744264
1744244
1744239
1744307
1744288
1744290
1744276
1744264
1744244
1744239






1744314

1744327
1744327




1744395




1744403



1744445
1744424
1744414
1744445
1744424
1744414
1744507
1744464
1744466
1744445
1744414
1744507
1744464
1744466
1744445
1744414
